o0 : [0, 3, 14, 18, 22, 29]
o1 : [1, 19, 23, 30]
o2 : [2, 13, 20, 31]
o3 : [3, 21, 25]
o4 : [0, 4, 7, 11, 15, 18, 22]
o5 : [5, 8, 16, 19, 23]
o6 : [2, 6, 9, 13, 20, 24, 28]
o7 : [0, 3, 7, 10, 11, 14, 18, 21, 25]
o8 : [8, 11, 22, 26, 30]
o9 : [2, 5, 9, 12, 13, 16, 23, 27, 31]
o10 : [3, 10, 14, 28]
o11 : [7, 11, 14, 18, 22, 25, 29]
o12 : [5, 12, 15, 16, 23, 26, 30]
o13 : [13, 16, 27, 31]
o14 : [7, 14, 18, 25]
o15 : [15, 26]
o16 : [16, 27]
o17 : [2, 13, 17, 28]
o18 : [3, 11, 14, 18, 22, 29]
o19 : [12, 19, 23, 30]
o20 : [20, 31]
o21 : [14, 21, 25]
o22 : [0, 7, 11, 18, 22]
o23 : [8, 19, 23]
o24 : [2, 9, 13, 17, 20, 24, 28]
o25 : [3, 10, 14, 21, 25]
o26 : [11, 19, 22, 26, 30]
o27 : [5, 12, 16, 20, 23, 27, 31]
o28 : [21, 28]
o29 : [7, 14, 18, 25, 29]
o30 : [15, 26, 30]
o31 : [16, 24, 27, 31]